1.838784839073817
0.9253086781799793
0.6710873633117105
0.5265897750935207
0.45716275754664093
0.41370527490352593
0.3735813332659503
0.3477611202775346
0.3363637780976715
0.3075404094114007
0.3069402219183976
0.27442863343535767
0.2782068854193979
0.26592239590736183
0.257781265732483
0.23979348608513829
0.2429919673910481
0.24266934343982335
0.23191907761944464
0.22893190149116954
0.20996779209618882
0.2078977335953241
0.2052130980269576
0.21394910066489442
0.19467984157712392
0.20235532394589004
0.1908806836053312
0.19840979027657402
0.183601657967755
0.1824278346516585
0.1997978770037395
0.1901751471881677
0.18400362529761818
0.18229974743509472
0.18449407595737527
0.16803976936457915
0.16330059596514546
0.1648781019073194
0.17810777589513602
0.16643612460028576
0.16792536143845307
0.16703062519379458
0.16374823527215146
0.15547818583307524
0.15390694079756698
0.16046970349490103
0.15229823525112202
0.14917300583789134
0.1586218004852647
0.15706142860526598
0.1511833426395251
0.14249383168791732
0.1423416790973371
0.14629511270100132
0.145877070032316
0.14249785105688836
0.14653115638363626
0.13767354559365594
0.14550422742346686
0.1250099272093633
0.1296881880009217
0.1386774843162548
0.12704154725496877
0.13193425431417202
0.13138425907714313
0.12474640040636828
0.13468876968792937
0.11986676574487871
0.135192825876009
0.12332315081211273
0.12951642542527592
0.1368564998817213
0.11647861757109057
0.12137414356221021
0.1345224523983699
0.11839328829686979
0.12701708207218024
0.1270959146235479
0.12583386541032088
0.12128656713904791
0.1278411606677819
0.10938708993766748
0.11868622276867913
0.12322374487500565
0.11256885491562525
0.13213448743719375
0.11036778514879128
0.10761201546006638
0.12404916222168808
0.11583940170083103
0.10868526933119149
0.11382516876541922
0.12445824143584301
0.11672606649783242
0.10265158882969808
0.10962399636265033
0.12141480755388483
0.11168994460564108
0.098954563065221
0.11458602409212715
0.11472141907924704
0.10360644984671367
0.10658439387244198
0.12361727251509738
0.11773698781391506
0.11345261559145607
0.10491431019557862
0.11913701815118746
0.10968669284851544
0.10130997062148162
0.11688427601445314
0.124503555983877
0.10857163061772734
0.11561279098147317
0.10325340227884257
0.10460660908207564
0.10095058659703689
0.11144804107041031
0.11149379017813232
0.10520094578105274
0.1010477074419391
0.10387437032516982
0.10496859200093869
0.10068852216882958
0.10633829592184703
0.10055627627074075
0.0983722867389301
0.10066704362241263
0.11113856548907945
0.10830112533146882
0.10256567595159442
0.10490549031752623
0.10661840915647883
0.09933775987632848
0.10977772661499133
0.09540433659653111
0.09998430778451424
0.09907928279373908
0.09522127720909952
0.09868222759899874
0.10051676986949254
0.09867564682216237
0.09937336361846036
0.09522442263292633
0.09277057477839934
0.09661395746014001
0.08975869257657298
0.09378680673306114
0.09524906803402904
0.09580751451357165
0.0897564684514693
0.09610635642750799
0.0905543943092739
0.0956662849766758
0.08304725936799938
0.09621734125599643
0.09748577375132857
0.09281073205068928
0.10925779099006769
0.10094776606100375
0.09305497708231047
0.09322029066877119
0.0930642709100277
0.08678874008882971
0.09798910779851258
0.09827841415329594
0.0906755098006037
0.08885525381280271
0.09887123146031947
0.10145664369001177
0.09158406503449687
0.09078504159580866
0.08861823203172495
0.09738169748744227
0.08943474512776829
0.08791194844457255
0.09556201939868855
0.09006726374959059
0.08183410929176413
0.08873786581516815
0.09221766006939361
0.08893944720429373
0.08919865891940709
0.08848139493409948
0.08797434616762893
0.0900200357803845
0.08756256230001654
0.08461112636021946
0.08327764708260217
0.08839093431893705
0.09242818463193483
0.0858544805603224
0.0837404258959505
0.0884060614963984
0.0840971232379434
0.0908777723227134
0.08894768496047747
0.08515543921527795
0.08192883868116908
0.08211837318406473
